9166
4904
7253
1499
3167
6620
8228
9160
4853
5280
4044
1828
5665
4777
6161
8132
1193
4051
2830
7879
6374
1665
4457
4759
407
1013
2486
265
9894
9076
4379
4046
8439
4886
3010
9430
3726
7503
618
737
5985
7226
953
5979
2073
1384
514
4066
4111
6460
9125
9259
2175
1260
9150
7277
7520
4354
8652
1082
491
8486
1297
1783
6696
7886
8160
8148
6028
7122
8111
7261
4321
5697
3991
4904
9728
2512
8028
5779
6648
7480
4540
6711
1124
8761
9952
4747
4585
9464
9361
7430
7543
7544
2247
2567
3059
5750
4428
6961
4059
300
2629
7448
9669
8356
4640
2948
912
1445
1004
8711
5400
9538
2404
5004
3241
7207
4807
6431
3892
8232
4158
8007
4428
3006
4933
3713
9654
6117
8780
7183
7961
2520
9668
2291
6292
1429
4475
9088
5116
4031
4398
7137
6074
2442
9224
8742
2703
1901
3212
8372
8483
2330
584
1038
3519
3951
5469
3177
4191
8234
7291
4545
208
9234
9062
5173
5853
165
2754
3955
7996
9120
5003
1862
9123
3979
8804
6680
5894
6028
5334
7810
8853
2145
7282
7666
1000
9911
1080
939
2658
6040
707
2575
4448
2836
3664
6303
3183
4786
9405
9459
9723
2476
249
8462
3552
1100
5586
5174
8616
6234
2317
5491
8424
8646
3156
146
9473
3091
6545
7130
6056
5879
9799
6485
4523
8003
5103
9289
8856
5490
3317
8059
9229
9703
9779
5201
9086
4771
1634
4134
1171
1354
8336
5610
1282
9891
5370
7296
7788
5635
3697
4809
6487
4245
4540
8347
9634
4734
6479
9602
8639
6886
9274
7626
9523
7774
2844
8872
3259
4013
6993
1381
4022
9473
9838
8352
6797
7559
7395
7646
404
6378
6407
6068
9724
9875
8479
9633
7703
3909
6405
1842
6798
7892
8681
3449
9397
3423
3629
4944
5060
5954
7295
1285
3133
7779
3927
2650
7145
4178
907
169
9692
2485
3654
3329
9470
9711
7058
874
226
2186
7344
6129
9247
2376
593
4980
4017
6925
3349
9503
3367
9570
3178
8561
2896
3778
8302
2528
6517
9616
5362
6938
3900
1284
3742
9347
1217
729
1856
5893
8700
89
7726
8072
4638
7847
1409
6950
985
3384
6928
7986
2830
4017
9252
4311
9129
4120
497
2177
5845
2938
9702
3576
2465
4542
9935
3613
970
3248
4870
2306
9484
2016
4432
9320
4029
2093
8568
295
5332
4774
8353
2899
4459
2115
7713
4670
3796
668
4159
1612
4971
3879
9638
4264
9511
9464
9635
9833
5429
8744
353
1430
3557
8980
391
1614
5591
9214
7960
8679
9870
1687
9877
2326
6799
3151
2879
884
8088
6903
5061
2575
5126
5597
9538
6614
8849
6076
3998
403
539
5689
5331
1321
9160
7965
5961
8101
7142
5542
4038
2340
304
1803
9250
4331
2384
2552
5502
1104
9254
6698
886
7821
7822
2564
7469
6160
6611
4458
6199
1787
8402
8676
9176
6513
4304
9541
6323
6153
8483
6948
6455
4790
7232
325
3116
2730
1552
7674
2050
3802
1043
7399
9919
1813
2823
6919
3921
5472
9920
2796
8831
2497
4082
3764
1718
5194
2872
2772
9941
2431
7276
8579
4470
5938
837
3097
6824
6733
3062
403
1182
5685
3917
1116
7406
777
2216
3015
5346
2012
4420
2584
9317
8498
7843
8582
7848
6306
5634
3660
9580
7714
1017
5796
5751
4886
5040
5828
62
6258
6566
6660
2355
9083
8303
6366
1999
7541
3932
753
8186
8385
5672
3581
1984
8096
3153
847
2401
291
7469
2460
3750
7103
8248
4882
5816
9520
756
1641
6422
3323
5004
5183
9180
3105
545
9889
4224
6910
7806
2186
929
9811
7780
858
2268
2473
2143
8616
4328
2041
7875
8494
9664
904
9613
6511
3890
5655
9516
8863
9325
6229
5995
8221
2402
3103
4355
3599
7221
1023
1740
7297
3574
2523
1422
6370
697
9951
1183
5739
5010
5540
6501
9333
350
3950
5711
9255
8115
2635
9645
4280
5354
3493
5653
4193
5476
2879
1852
5613
3512
545
1602
7608
3950
9215
1461
393
8288
775
6597
8986
4023
1363
739
2647
6005
4259
9269
9928
4536
277
9567
2734
1678
5671
9046
8488
271
754
7129
8895
4237
5116
9289
6327
3705
2162
8480
1562
4772
5439
4756
4692
7561
7605
8358
3670
2341
2325
9882
4097
8529
9885
4139
6630
7850
2895
6062
4844
4678
8740
580
5490
448
1083
7518
3130
3021
1461
5341
5676
9559
2841
4555
2471
5366
2087
7653
4148
366
109
3234
8807
6588
7760
366
7875
7939
1261
9521
6943
7890
2686
936
8313
9076
2577
9920
3060
5267
500
6277
3368
444
1858
9791
4585
5587
1681
2863
3796
7311
8935
9832
8996
1028
8557
2640
2232
236
7403
7735
2659
6285
1480
1038
1159
3812
9424
4856
2607
6510
8671
8851
6430
9116
3435
4596
1392
2163
9887
8799
3258
8877
6622
65
4201
208
6554
8710
7312
7998
3489
7422
1987
3702
181
2091
3463
5920
450
8727
4592
3119
7782
2202
319
6541
7757
5747
6199
7764
9450
9913
5333
7893
8024
8243
8913
5638
8405
2406
6221
5748
2999
4261
1610
6814
1779
1374
8020
8845
7316
4985
2771
5217
476
3686
4526
7223
7235
4745
5977
6373
2024
5648
5639
8895
5430
3525
135
3066
6110
704
9574
5118
7184
568
5541
2777
3497
2011
1501
3387
356
6248
4514
2819
1337
9577
6041
794
9847
7549
8350
9181
7702
7289
2860
9731
3259
9558
7383
8105
3774
9627
8810
35
6552
8217
8660
7048
8755
6287
768
9665
8165
7879
4314
7071
8446
4901
5740
1566
1475
7758
1795
7244
2778
5184
5436
7545
3904
1417
2329
7431
4925
9408
9543
4639
9728
4914
6683
8494
1617
8952
8774
4763
6166
4591
1258
6304
9809
8136
5843
1531
4423
3112
9105
7695
8034
4971
6439
6180
3237
3896
1052
9408
4069
1160
5554
2460
6811
6173
6396
2320
9664
2956
2526
3614
8894
4670
3476
1738
6677
6477
7041
5932
1147
1600
6504
1014
4016
6238
5718
7608
5098
9549
7323
4328
1505
2518
5064
8773
3211
4838
9356
989
6162
7263
5863
9054
5399
5623
123
4632
1810
4149
7195
5174
2103
8559
5030
2698
5196
3950
4341
6773
279
4299
5772
9668
4332
8503
4946
9977
6646
6051
9804
3591
2280
1583
9185
7334
5706
8990
5062
8831
3120
326
4101
2702
5692
8297
6420
7361
4101
1408
6806
5016
593
535
6685
184
1450
1366
3365
707
9366
7193
8392
9612
2684
42
5694
6844
4900
7501
4286
1982
3964
4568
937
2148
3752
3511
1062
791
5330
1606
67
2558
5010
5410
8161
990
6419
7640
1052
7739
883
5021
6789
2075
7320
7269
2149
7078
3727
6568
793
2992
9714
5624
9053
3712
3646
4112
6042
8309
1693
2369
6206
6969
4127
3619
9105
4253
5761
5538
1440
6823
8364
5443
2511
2345
7274
4750
9106
8930
1185
697
4691
8436
8129
3677
9946
2794
2456
7417
4283
6632
6927
3107
7904
6685
9975
1504
8629
9639
3511
9610
728
7745
3390
3260
1654
2626
6592
9123
6919
7471
4845
2465
3595
6228
3528
4204
8134
359
5736
9416
9699
182
468
7584
4760
8473
6469
8418
7131
2379
4175
836
6628
9691
4568
7614
9489
1141
3429
1465
4677
4764
4272
4958
3791
1227
6977
184
565
8699
7027
9337
4779
342
6242
236
8527
1164
7880
6750
9895
5898
5076
329
8076
8611
4229
8735
6394
3062
380
8169
8597
5279
8921
4945
6238
3101
3831
3851
7065
9945
3533
7440
7343
2217
8352
9576
4150
2731
1956
40
8704
6196
6253
7736
5706
6510
4869
2014
8236
2361
862
1259
831
3880
5379
3966
3956
1632
9684
7068
9568
4513
1323
4027
5583
3184
1198
6151
2185
498
708
1452
3100
1696
5067
2556
6735
7692
1036
1246
5415
5304
1038
1594
8820
5584
9166
3375
7387
7855
3941
8332
3866
1024
7680
6280
9714
5058
2118
8857
5682
3097
5065
5278
7956
6518
7579
3060
3118
6286
351
1195
2951
6496
1978
3966
3801
6321
659
1613
1844
9598
8858
1891
8004
4783
4305
3555
3731
8913
1434
9707
2376
524
6776
9092
8032
5225
484
2663
9046
7830
4199
8339
3261
2631
3707
8930
9848
2241
2250
7858
8566
5798
7137
9519
6787
8220
5341
2876
4901
4207
1821
2128
615
8999
9636
4602
7791
7307
5673
233
3176
5434
5173
9676
3975
4984
9937
9053
7489
2738
1553
9075
2382
4387
10
9496
4515
7908
7702
3254
4117
788
1919
7409
533
5305
6180
2899
7054
5817
1024
3315
9832
8437
3479
37
1347
6009
2916
3083
2776
612
5621
88
7978
2191
253
6816
7125
8564
6320
3497
5252
6429
6053
6854
8028
846
444
907
3174
5635
5702
6896
3681
9436
7369
4690
8780
489
9541
5836
9570
2450
3001
1328
5004
2212
288
7856
7814
503
9210
8840
5315
6299
9878
5937
5104
3729
97
1088
9123
8403
1291
3736
9369
9135
9286
4740
1924
3999
9176
4761
2390
8024
9020
7175
7920
5617
8943
804
417
5698
5481
6619
8103
1165
7991
5984
1866
8302
3504
7332
2273
2991
4490
7182
5482
111
1148
910
5874
4896
3377
9467
262
2800
8710
3393
4204
6815
9153
6468
6045
9041
3879
2437
1097
6048
4856
7154
7948
2124
176
4140
2833
3818
7724
4317
1590
5302
9958
5715
7680
4462
6934
5934
2880
1852
7553
2789
3716
415
8790
1352
3778
7339
1951
5917
1757
494
4186
7937
7068
771
8918
164
937
2620
8945
7262
5064
1852
26
8530
1267
6876
5803
7075
3100
2330
4911
7538
952
8858
2481
6913
9318
1663
8285
7658
6372
6217
8748
7464
5556
5081
3776
9138
7004
5969
8878
4906
8124
2186
3295
6934
4132
221
1064
8487
8573
3168
3827
3142
7163
9276
5196
1402
4278
4233
9609
1473
7316
2603
3305
3820
9827
3365
6744
6760
4758
2317
2671
6082
4603
3726
1871
7307
9452
2026
7841
5309
8441
2017
9669
4935
360
8184
3742
6947
4829
8436
4811
16
5659
2153
4565
7954
5720
7253
7068
204
7862
8991
4677
2178
5866
2745
2501
8502
6694
2164
8230
423
6819
9499
6663
3041
6293
8417
7427
4196
5258
7539
1747
8261
3118
6293
7730
4568
1335
6938
6163
5541
3699
802
2966
9793
8833
3027
1531
5974
9284
6184
5506
9400
607
9819
2272
3376
8846
550
654
3237
685
6341
5457
8922
2302
985
5025
4728
5655
2125
9916
3442
5672
1260
1952
7710
9835
729
5792
6
3319
3368
1989
647
4504
8786
1652
6102
6039
6234
5430
3657
1710
6401
8070
5554
4461
4623
4475
8494
7960
5787
1854
5401
7463
2932
4789
6343
455
8478
8828
6143
4695
9005
4762
9853
3718
7102
4420
327
5160
7048
6785
5078
7433
2964
5324
9537
485
8490
4339
1881
7480
7933
7120
5617
6912
3252
7290
4407
503
2633
5114
858
5669
6493
4457
2724
9577
6761
4169
7823
9428
5518
1211
1121
6596
5552
3689
2991
5574
8265
3913
9078
5557
55
7288
5750
3143
8087
4914
6890
320
8717
1922
6225
6268
1130
9703
458
4883
6455
4098
4418
2726
4106
9604
1384
466
6505
5973
5579
2384
2642
5407
3183
1740
8174
611
3059
2872
9186
7343
6409
8569
4733
2869
9521
871
50
4127
8298
3949
5033
2743
8899
1894
3490
4208
2689
5063
9078
4708
6801
6419
9286
8632
4147
8270
708
2739
9351
5309
3430
7942
2915
4465
6967
1768
9652
5393
8990
6544
3050
4059
2667
7476
4812
3466
5487
4984
70
9679
7009
2026
716
9205
519
7094
5480
1234
9240
3375
2881
3276
1067
1651
5468
3035
4250
5262
9440
6551
1040
6366
7208
8185
340
5011
6603
2133
7239
9580
6494
189
1137
2080
8835
3812
4126
1546
3492
2077
9079
3016
73
2317
9840
6785
7216
7709
4535
6793
8720
7595
677
3615
406
9915
6895
2051
9447
318
4768
7674
860
4079
8046
6591
8836
4084
4732
6148
832
6118
7601
3078
2472
1396
3350
1052
3099
1763
6723
6303
258
4100
9832
2545
2785
4088
8425
3665
5752
2856
5200
7943
7938
3921
723
3145
3467
4516
8596
2162
584
8987
7878
9404
3711
9198
4838
6787
4676
5224
1846
8450
6987
4942
2530
8408
9027
3179
7563
5705
9043
7070
4694
1230
4299
2512
7049
9052
9214
6124
5563
9825
6241
9283
6314
1630
8032
1937
8342
2930
7196
8997
9022
2164
8440
3743
4031
6921
4039
544
5492
1591
8200
3805
8831
9639
1000
317
3303
3756
5714
3434
2780
3566
3265
5776
1184
9262
8468
2362
7900
6328
246
9608
5583
6571
6921
5273
6699
5560
6519
1619
8955
4020
7306
6160
4891
6303
724
2391
6976
3421
986
9834
3578
8411
1018
2081
2668
6926
5350
1278
9081
9796
4690
4785
8261
7793
419
6831
8200
6616
9124
9315
2146
5915
6284
1831
3338
5409
3782
639
8645
5180
7807
1510
656
666
6944
9288
6608
8224
3817
7333
2997
3430
6959
2961
7304
2361
9357
6414
8685
2703
6813
1568
107
9575
4502
9572
6814
1291
4826
4098
6812
7624
6503
910
7403
3387
1989
2289
1037
4882
1096
8172
4830
6764
9520
8868
8455
3652
4042
4474
7811
634
1529
9302
4110
2720
3387
3473
4934
4026
4692
2764
6408
7301
7963
2372
2931
323
989
5413
3071
3083
6725
811
1046
4288
2940
2671
1396
9008
5394
9161
8802
9950
9203
6016
4002
3114
8623
2911
1399
7284
4737
781
5580
542
3018
2621
6902
1276
8533
2941
9912
4456
561
2101
9902
1849
5750
2421
6592
2902
7560
6905
4925
8339
3523
5005
9673
7048
9272
3456
8842
8397
4665
9047
8239
8643
2311
2646
3214
7465
6393
583
3191
9806
7415
3633
3214
2207
7665
3938
4981
9709
2700
5115
80
9953
1400
2586
624
8407
413
229
6779
8191
4086
3105
5199
550
5367
5843
1510
9028
5180
1830
7229
4542
3958
3769
7599
3323
3438
6505
8490
7019
696
2620
5064
6660
6021
6584
5642
1524
8169
2416
2348
9890
4951
3957
6599
9917
814
2790
965
6775
3688
8396
5077
4199
2307
8120
2222
7580
5393
589
7582
8406
1233
4845
3356
7340
4730
5014
1532
6530
6065
405
1518
6562
7555
3209
1633
6102
6501
5491
596
6324
2874
996
3130
7223
4886
9342
3866
5277
5355
7572
6277
4475
9864
5404
9533
5668
4457
661
4600
3618
2461
1241
4009
2393
2813
4207
2812
7165
8987
7107
4086
7209
3448
2885
8870
4850
3859
7396
7068
6674
3824
2421
3371
79
3289
3167
2833
6294
1766
7808
4246
5281
7786
1130
9072
5999
8279
599
6040
7047
5622
868
5485
4569
6202
1133
1279
7040
5769
7681
8323
3240
1619
6094
8025
1428
3309
4069
4553
5032
3879
7355
453
5627
326
2118
9776
3193
7284
3268
456
5638
5195
6145
468
4202
6304
3733
1253
8412
6690
1043
4645
428
6490
8675
6808
2767
4591
8293
1367
7388
9086
3094
4657
6498
6245
590
9657
6412
2996
8575
8771
6586
6522
1862
2604
2685
9686
2000
2591
6973
8661
6787
5761
8818
5403
3827
2260
2193
4557
5845
6189
6822
1540
2879
8589
2730
8933
3804
3912
4715
6685
8113
1224
3919
1578
9455
8182
6375
9602
2253
7677
7788
4089
8440
8967
7256
4979
9321
3519
8090
2408
2347
2902
6704
7760
9325
4718
9456
3927
5222
9627
3201
8035
567
323
7651
9153
4551
1708
6144
6810
2810
9401
3522
3536
2538
2633
1044
9867
827
4903
550
4994
1954
549
2835
1946
2248
1829
5912
5275
2653
2442
1519
7857
9840
3656
6487
6669
5714
986
2705
7290
9953
171
9967
1695
2520
5566
5355
8553
9054
5402
5323
3212
8684
8137
6568
5127
2111
949
3863
825
1919
8238
2887
4305
500
5648
8793
4835
9048
7899
3195
9950
8526
9131
4066
6191
9403
6222
736
1145
6876
2980
6377
1276
2237
1558
1743
557
7679
8655
3249
38
6111
1503
8338
2506
2503
1395
8044
1271
205
1849
5374
1202
3919
2150
7966
2053
3545
4719
5610
2791
7654
2931
8581
5207
2279
1697
9546
7497
2940
5492
3682
486
3365
1080
3546
7368
5482
124
3486
1268
5947
9588
3264
7372
3202
8048
7540
3186
4989
8935
4378
4800
2260
9050
6737
1319
6228
6850
9549
6107
150
3691
6646
3582
8144
4721
1607
9239
5215
6516
3576
9693
2288
4698
9761
7824
8705
877
6543
7326
1644
4319
1662
5831
2958
9742
2381
2875
1520
1590
4808
2241
4742
4711
8647
2363
7170
4459
9894
8068
7597
1754
5339
1316
9762
7590
3473
3765
4633
6381
2570
6852
1343
9323
2527
5603
730
7139
9608
3738
3737
2032
1002
8135
9244
2200
246
7894
1083
9739
1965
5407
3598
6387
3516
2235
1996
9283
7912
8583
6768
8389
2881
2
968
3025
7311
9577
6306
3464
2944
8973
6197
1955
5377
4421
6835
2023
9788
9561
2004
6840
5717
1099
478
136
1982
966
8174
8617
824
9792
2548
2077
3250
8553
1309
3555
1500
1504
7579
3475
1993
8920
4605
4998
2780
1177
5975
4682
6941
8942
1983
469
9815
7911
7353
8652
137
9540
4598
2545
1472
7025
5678
7388
4343
9118
5371
7386
6504
9178
1501
8489
187
3011
1491
203
8232
7536
5925
5478
3328
7261
733
9908
8809
8754
212
1226
1195
1859
7013
2389
4101
2012
8757
9770
3924
8350
11
7041
5433
4198
2719
8831
4518
6003
9055
2934
8084
5524
2541
6062
1897
4822
5951
8985
1533
9788
6264
3547
4992
280
6959
7516
1296
501
4064
7767
7373
3635
8554
1980
3374
797
6424
8441
5768
3870
8708
7758
8422
4043
202
2042
4522
3477
6858
1926
3678
8613
5981
9096
9542
9532
6344
6329
9914
1094
9584
1383
1991
2453
708
3647
5909
1284
5095
2461
756
5337
2815
4262
7963
6700
7261
5814
7499
6315
9973
3235
2133
8015
1958
2666
513
6645
2226
7409
5814
5038
5474
5056
5799
6247
2070
58
2560
1730
8958
8085
4968
2067
4309
3669
6539
2656
2752
5916
6169
7920
8338
5369
8531
1821
9794
5360
4021
5937
3153
6164
3506
525
2389
9903
8419
1230
3243
2153
8250
2243
6681
3006
5050
2141
2601
360
1415
5289
1009
182
361
2294
1822
4908
8977
3064
2737
3326
4140
2344
6772
3854
8093
5197
4237
4964
1647
6554
7277
2852
2937
2521
7668
9676
3581
8926
6715
1396
3313
1491
614
6305
5199
7960
4312
6653
6803
6995
7711
9231
2638
5283
5792
9681
3876
3735
8328
3883
3524
2305
73
153
7248
9622
9100
5024
6170
2457
5430
2365
8747
1735
1167
4484
9737
3277
1285
5678
6097
6966
6069
6994
2735
1133
5717
3366
8246
6928
946
8615
8391
6220
175
6965
2916
7132
6415
9821
8950
6729
8319
9079
6400
5930
602
33
2073
3720
4779
5092
5304
6309
8300
7130
5281
1338
5719
5140
2742
3105
2825
3080
48
6970
5119
5507
2403
3879
6335
7945
6435
9144
2440
2675
9303
8978
1937
3740
2459
9245
6414
9065
6258
9511
5399
8051
1859
4057
5192
9549
7982
6740
6266
1490
7088
5018
4201
2523
8086
6644
9249
3330
4659
2206
4959
2880
79
5204
8018
7888
3693
3021
1471
1992
6977
1826
2130
721
739
9860
9777
6219
9543
1979
5869
9146
9346
7321
6905
843
8593
9250
7743
3004
6979
695
7436
3860
7561
659
6640
9187
3426
9549
4881
9393
6321
1783
4827
7184
2024
7006
5108
3627
389
8613
5897
1448
8235
6703
1889
8464
3279
9361
8785
1046
1089
8010
2472
7584
1731
7761
7784
6869
1657
3999
6196
6501
7524
644
6175
1615
2985
3454
6327
1042
24
9108
6618
1461
3457
8355
4073
1634
7773
2329
2332
1344
9257
2243
569
617
7631
346
9599
9075
841
1605
602
9034
5932
1264
163
4000
9934
4107
5400
888
6159
1930
4722
425
7829
4001
758
1670
2308
2305
4278
6224
6259
5817
9980
7425
5236
7111
1012
2164
2919
1020
9042
5669
210
8192
3156
4331
7215
7381
9892
9143
3378
3226
3719
8988
2409
6965
5911
1232
4955
5932
2179
3276
9089
1088
3670
1731
7078
339
5917
8836
5913
6873
9950
595
3408
4813
3694
9166
841
505
4106
6949
2870
4368
2175
6020
2026
8812
218
4082
5893
3004
607
643
2375
7209
4633
3220
9892
7971
644
8943
3988
7043
2498
4833
2222
1244
7077
8629
28
5611
5832
6091
3412
7406
3852
1479
2675
4985
5580
5706
8521
3687
2417
6353
259
816
7807
5585
5367
5136
3576
6059
895
2917
5292
6538
4262
1098
7588
6384
8413
9806
6473
160
2892
6177
89
1112
5883
158
2077
7862
1179
1183
751
7732
4091
8983
3970
9553
8087
9489
6740
5233
3369
5995
7723
9355
9006
3319
1679
8166
6999
2412
9287
3395
7734
8487
9670
4258
7521
5925
3481
176
836
920
2564
6131
6607
95
1932
4260
9146
5881
3364
4162
9715
2697
8814
8985
2173
3116
4131
3042
4707
2394
8153
4502
6200
4208
9960
4493
7758
7246
6048
803
9682
5145
1481
7762
8965
2633
4383
7910
830
1788
9318
6038
2805
8009
856
2933
4805
6909
3081
7398
6683
6932
5738
1212
288
9443
1525
7840
1633
2337
2319
5612
9368
4433
2000
6600
8094
3969
1024
4733
452
7077
8736
5321
3896
609
9690
3043
9187
5705
1943
9708
6888
9528
9643
8246
3079
8166
5120
5942
3191
942
3552
5739
2484
8463
4685
6288
3576
3773
2752
2584
9642
4093
1253
2455
5132
9530
5647
8086
3653
2517
3021
4418
559
6660
3844
7738
699
6669
3753
6244
9702
3028
1775
8934
9083
6802
1610
1756
3285
346
2750
3766
9687
8899
9354
6229
6769
1797
902
9641
70
9893
9456
6276
9213
1459
4849
2928
5379
8744
6563
8056
8003
1815
8604
4280
6085
6584
4493
1006
9875
967
3123
4320
2115
9410
4256
7481
3877
8404
329
4801
691
3814
6954
4184
2507
6861
4114
2114
118
2315
4296
7159
2585
9839
2066
9884
229
8931
5481
4121
792
7349
5236
2196
2687
3304
6610
987
409
2891
6314
5374
2205
5643
9792
799
3664
2878
1288
9711
2866
1906
6046
7754
40
6739
1964
6917
604
2462
1837
3520
2331
9549
5963
5188
3754
2235
2176
9160
7446
5866
7874
8754
7485
6723
4921
125
4457
1254
8290
7224
8258
2077
3669
9634
6118
3011
902
5762
1985
8793
5257
4636
7637
7697
128
2355
6563
8108
8055
2928
9072
4618
215
5582
3192
5917
7585
5058
8406
7545
4919
5847
3315
7683
2429
251
5891
5424
5412
7473
3165
6925
2250
8711
8182
4283
4949
333
3174
5226
3707
6267
5295
6295
7702
108
2105
6301
2753
8351
2460
9533
4621
6325
8910
7204
4724
5225
4022
7192
5189
125
7943
3470
5341
768
9523
9264
5329
5006
318
6004
9117
8296
3958
5263
1740
124
932
9379
7988
7344
1955
9397
4849
6525
118
3163
8025
1188
9051
5553
7911
183
4142
8214
862
5762
5686
6585
7920
8214
7760
29
2941
8021
1856
8276
693
6747
1745
951
2805
8286
3656
3413
2283
3487
6829
4247
3766
3773
4364
476
8216
38
1868
5054
1454
6576
511
4100
4808
1962
3040
3658
4111
59
1700
7150
2673
7848
9281
9629
2901
2406
4015
8953
3218
2338
339
6731
8685
5030
5880
7786
444
2916
718
9639
8173
9112
2274
9463
7626
771
7006
2267
235
5620
6687
8843
9563
2912
7684
3416
8577
5824
4861
5625
8741
2758
295
4679
929
6469
2468
5961
2860
8423
5114
5108
4237
8493
2101
5400
2696
3947
6009
1282
8108
6857
7545
4232
8372
2845
8219
3182
6535
7327
8160
6070
1847
8471
37
1850
7773
6568
5780
8294
3304
1911
59
2159
8541
4664
4975
3547
4729
4564
8583
8610
7441
2100
8191
1154
8524
9662
1560
2628
8491
4649
5453
515
5940
5370
198
6637
4130
3951
9601
5244
6205
9910
2632
4426
3993
8076
6309
1620
1291
3621
4779
1478
4906
1839
5926
5831
5141
6022
459
6199
5627
6977
6352
2054
5608
5941
5227
2143
9347
9125
7440
9291
5181
9790
338
8145
2578
2141
5864
4606
6127
7728
1009
7512
200
7714
8019
4773
5396
5092
8256
5276
3265
7114
9965
7422
5508
5011
5300
6438
3417
5025
2270
937
8072
5791
6125
5037
1729
3737
5776
7147
3124
3163
7622
6522
7479
2457
6530
9285
2083
9322
5204
3171
5968
1034
8146
9463
8637
539
6654
2147
7517
4930
2992
2090
1550
3204
902
8152
805
7188
7170
1164
9254
8262
1248
9577
1873
8643
936
8383
3604
291
1709
6734
830
6574
7657
179
2492
7452
2463
2601
528
8235
1910
8594
2479
6366
9750
7570
2301
8416
3614
4723
5321
7419
2162
4995
8011
754
2407
6804
7173
7124
9423
7392
5220
4282
8447
9463
2288
6803
1168
6574
8903
7395
7292
7471
1419
5789
8773
6068
5734
5487
6713
8353
9821
9983
8680
1996
3165
5382
7480
2068
2567
5698
9753
9177
5471
9094
3750
2944
6875
1282
8288
7908
8317
1568
1435
8321
9285
7100
7523
7085
8212
9108
7152
7300
3073
9646
9950
4666
515
3942
5703
591
1313
9722
5057
3848
5756
9626
8502
2908
3568
8564
1349
7579
6331
9118
3840
6740
1254
4038
4465
6248
6385
8893
8327
3060
2951
6916
7041
4461
1362
4065
6587
7705
6089
6516
2251
1538
2157
7376
6992
4581
3735
4772
3689
8823
5250
3299
1324
3524
4230
8561
7911
4862
5935
34
4884
9187
8867
1236
4772
9407
6510
766
5484
4313
1540
9110
1153
3187
2731
5438
9906
2025
9031
4059
2968
1376
628
7211
7851
6941
1050
4327
1432
6778
7025
4429
5056
9184
5423
8737
9385
5020
5062
6441
3229
3473
4286
9985
1243
1974
6270
7296
8869
5565
7916
473
3149
9518
2633
9189
9160
8965
9218
6493
7327
9665
4264
9020
345
8824
3404
6637
9163
1459
520
9848
9977
5349
5903
1028
1588
7480
6991
9617
9562
4695
9060
9742
1645
6023
3982
596
1369
5409
9775
9392
9361
3273
8451
7891
1503
2046
701
3704
1456
1358
4542
670
3607
5899
4855
3014
1479
4719
3850
8800
264
3374
4844
2376
3376
5118
4120
3384
1154
8967
1564
7526
7838
6470
2925
974
5514
2383
9882
7555
5130
7255
6877
7638
1714
4456
3628
6777
8937
1361
4945
8507
2994
315
7167
7409
4491
1533
4857
1227
8864
533
4820
6314
3472
4702
9355
7925
9068
2568
2200
2704
6852
3521
8481
1298
4437
6630
4524
2999
9915
3633
7170
138
560
493
9174
9369
681
7037
9836
4976
6567
710
2009
2873
7093
4227
8858
3094
4120
4185
8521
8715
41
8688
4882
7374
1715
5546
5138
5293
6060
805
7347
8993
8714
2447
9025
6728
1967
9814
8235
4353
7832
3826
8058
1455
2386
2751
420
6467
4933
3951
3587
9616
3651
9574
8461
599
2671
4364
1799
7305
4728
7885
2380
1071
5506
87
9267
1583
695
2233
9885
5516
9500
1428
6769
8666
860
1536
1857
7997
7958
9377
5252
5797
9694
9312
725
5675
4644
221
2452
7739
5008
9036
5367
3814
1253
6087
2196
8697
3820
728
1967
7946
646
9144
2892
6796
8213
2236
92
3781
5717
6270
1791
1280
9466
6208
8821
4359
1215
9695
874
9022
4122
5836
2772
4845
4565
7411
9488
895
4379
8335
5979
4617
4965
8583
8249
3987
5331
2588
6427
8370
9006
9054
9304
6599
3903
5470
6512
5085
6903
7073
3037
2314
3978
3307
3994
3367
8850
702
9828
3167
4963
3373
8060
472
5351
4395
8592
7300
8408
9458
3424
4335
1289
7084
8829
8482
4227
7358
3627
145
9487
2829
1985
1764
9946
2887
5553
872
3365
228
2648
1608
194
1638
5292
2470
3365
8146
8860
6148
9224
6138
1645
1103
7620
5635
5816
2111
2490
3169
3896
5283
6041
6949
4605
7789
9426
1898
8721
2624
4444
9947
5177
1703
5250
6658
1784
5129
8828
4896
9949
9810
2413
7589
3678
668
1632
8229
4141
3024
1690
5307
4268
2467
8653
4129
9670
8343
9490
4839
5030
2083
210
5086
7376
109
9618
1993
6843
5073
9859
5408
1654
8275
8685
8458
2755
5538
1593
4026
9897
4246
135
6056
3976
1583
6652
9425
7667
8272
5014
296
2827
5263
7017
5841
3802
3136
3033
2626
2132
2426
5288
8602
1429
9190
3528
7895
4022
7722
7834
5831
8490
7472
199
4589
2575
4661
4654
4606
281
6960
8745
2082
1552
8123
4762
1254
572
1353
2779
1070
9843
4499
1290
1075
4378
2578
598
137
4667
5874
1676
4106
1006
3425
443
5086
5166
1240
498
9840
976
7359
8279
3126
1589
9157
1123
2689
2636
6461
9139
7778
5790
6658
1381
8740
5043
6007
7849
5513
3848
4700
9916
8916
4991
7460
2593
8587
1071
207
3799
213
3886
2006
2856
638
9770
7952
7846
456
8597
1444
4948
6028
4454
3925
3249
688
1486
9368
3242
9664
606
5446
9296
8343
2263
7081
1996
614
6889
2016
1597
7960
6201
7560
3658
4525
6077
5982
6924
3203
5238
2845
9291
4009
2009
1303
628
1181
245
6182
6142
9299
915
247
1436
8483
5486
3026
8698
6320
3950
2863
9424
9050
2582
7369
476
1593
1865
110
4500
6165
3686
9666
9600
9166
5799
6077
4481
8305
9391
8278
5702
2225
1853
6551
1881
7685
666
6552
4379
9917
4057
3383
2635
1928
8556
1899
3166
2386
4540
2181
7086
4086
1476
8901
2530
2566
9262
3195
8552
9891
8044
2135
858
5276
6401
5001
3814
3192
6096
9610
2312
3667
585
8475
2461
6724
2409
1156
9824
3781
9888
9894
5490
6518
8478
341
7607
3994
6281
6694
169
3527
4977
4422
6412
4409
6497
8845
4145
9811
6899
4639
9905
1421
117
6821
3225
2240
2678
9846
9478
9964
8814
8401
5900
9690
2108
6494
3181
4992
6564
3539
6385
8479
4245
5114
2103
3504
970
4524
6187
234
2479
2216
9423
6688
2139
4289
6625
1994
6986
2074
3124
1189
8284
2405
6993
5650
1497
4744
1426
3579
7449
3607
4170
5580
3248
4523
7886
9217
8592
6599
441
767
2748
7506
4528
1129
8209
3029
9014
9265
560
8388
7529
6099
8165
2253
3465
4953
1756
4023
3130
5542
9020
1363
6504
4499
6953
2308
9367
5966
1144
6525
2943
8453
6487
2729
5223
9198
5660
3948
8641
4956
8164
2868
9974
663
937
9157
3083
7210
5469
6162
1277
2637
3759
2241
2018
4192
4705
4298
9079
6254
4951
8712
9791
2091
5328
1562
1257
8400
6711
8069
3162
6088
9349
6970
8846
9345
610
8563
5935
3959
7441
7917
5927
3685
1835
1267
9630
903
4938
1107
4757
1347
7470
5247
7798
4671
5814
96
8733
1220
933
3583
3992
5969
1338
748
4584
7367
4409
8959
2655
3550
6516
6342
7771
5353
8648
1024
4548
2597
964
3471
6506
1291
8862
9942
3627
6441
6131
5393
2394
9193
5018
4405
5335
5921
7497
374
7540
6442
3763
8409
1023
587
7876
9124
842
1207
9288
3434
5970
8843
743
9326
6642
2782
8021
1292
1334
2330
8789
3759
8237
7202
9973
3764
189
7731
500
8525
2503
6611
6895
1338
2334
8366
4537
7128
185
8327
409
7335
6035
5708
8439
6400
4149
1550
4554
5908
2094
9470
7404
4879
3291
2158
7334
6301
9465
4697
8433
6581
8686
8306
323
406
4889
3087
9415
2903
1321
8525
6246
3269
3880
1393
6552
9521
2223
7502
8694
2482
7396
3420
5860
6834
9036
2213
123
3922
951
712
2388
6384
777
4670
1339
608
9607
5388
9307
3396
5221
4314
9667
3243
2280
7909
1908
7528
3417
1238
2175
6681
5231
473
7208
2965
122
6476
9980
2992
4119
4902
327
6419
861
3452
1250
8978
6765
5287
704
733
5180
3429
638
4758
9574
3709
8528
3616
2614
7758
675
4092
7789
9269
4818
27
2883
6042
2862
1419
6417
899
7477
25
1532
9951
9163
7551
9198
8173
1168
6732
6571
9251
8826
7592
3013
2619
4415
9101
1152
3621
7839
3458
178
6748
4127
4662
9621
9800
9752
280
9237
2633
2196
393
4028
9382
1190
8102
471
9760
8852
6288
6168
2192
8774
7683
2961
4683
4990
9895
8668
6016
1903
1670
2658
7703
2824
2711
2771
1762
1761
1346
8846
8745
5513
5196
9638
4895
4985
9415
9059
4580
5742
4589
8495
3404
3511
1802
6348
5035
847
9704
4348
3438
3224
7742
4594
2912
5739
1213
781
1246
214
6831
3378
4220
5295
6969
2972
8349
992
6544
3514
6365
9383
330
7605
8754
9227
9220
2304
2389
18
1356
157
6028
1462
359
1789
7177
3028
9609
4378
5177
361
1575
8206
2433
3332
74
1701
5714
3232
7857
8685
8563
8470
2599
1036
9454
8114
2245
3820
7366
2471
5635
2759
7559
360
1652
1853
8305
5827
803
6992
1178
4048
6858
2407
6760
5280
9220
2073
5201
7865
2695
5971
5906
7861
130
4708
237
4681
9142
7527
8274
8334
6939
5505
4295
1286
3249
9967
7584
6069
9363
5282
6760
9045
8508
1875
6472
4156
5374
5417
2437
7093
1961
4311
9485
4550
1766
3612
6771
5267
7678
4637
7343
4110
8487
8402
4770
7354
5830
3624
7669
9398
7117
188
4803
3048
720
6514
8641
8809
2163
4435
381
9103
2683
3394
2050
5847
1147
6142
4995
1980
753
8482
177
741
8165
4179
2513
2443
1676
4981
7521
3837
6117
3273
391
9218
6014
486
630
3007
3085
3514
6555
2321
1507
2177
3504
1768
3980
9332
6003
9294
4892
6465
4488
3672
9711
5424
9205
9872
7532
8312
8328
5918
3676
6293
5183
201
3625
3174
4446
2497
2604
1717
6024
8300
7775
9313
1999
3469
8182
4455
5991
1289
4789
247
1683
713
8201
128
1488
9614
8472
3519
2064
8857
966
9229
5361
9617
8565
347
8835
3448
3941
796
9441
6342
486
1210
2029
1941
2690
9655
3699
981
9134
6687
5554
4460
8734
6328
6785
5962
475
5680
3001
9339
255
6464
9351
2298
4671
6624
9250
6853
3152
6256
4713
4259
8913
1867
2492
8508
5607
6873
6019
2185
474
5143
5278
1418
2283
1069
2222
1
9953
7572
4268
5268
8812
1236
6105
2142
2784
8177
3141
7527
4650
2403
2414
4137
9535
694
2305
2340
6981
3650
6297
1849
6052
5910
4543
745
4985
3694
8244
977
225
4885
1211
6654
9557
2592
9828
1722
5170
818
5573
8401
7172
9982
6104
8926
1980
3777
3655
7509
8869
2838
1835
6869
8840
7831
4627
2660
9430
8485
2425
6940
4784
1581
3426
2109
3602
5499
9084
6048
5511
4753
6187
2654
5255
5688
13
1919
3771
395
2018
363
4674
7443
1598
3772
3199
3755
8958
3688
1809
7076
9680
3423
8805
8717
155
4131
8258
3627
1356
1493
35
418
9129
9340
2352
9484
2406
2326
5632
3223
3986
8535
3420
2216
7334
1615
8694
9623
5147
4482
7172
1253
7130
2117
2858
5416
8610
3695
5225
9852
2046
9663
1383
6992
4502
4231
5771
7831
7274
8192
60
2818
3704
2872
9411
6280
9407
1470
3484
1810
5267
7141
6867
2390
8943
1192
3627
5595
9786
5670
8048
4788
4447
5377
4800
7291
9175
5648
3785
88
3776
9253
4119
2309
5441
8315
7236
6368
6433
6104
8850
1461
6063
2614
9790
5607
8026
419
129
737
6947
4711
1926
3314
7740
4394
3337
3747
6866
5902
8202
3733
3883
5795
4648
4163
9966
4922
7430
1746
9881
9357
5500
5728
9563
6550
4041
5126
38
364
6480
5942
6732
6323
7026
7699
7046
8099
6898
2363
5145
5062
5013
7736
1852
4247
1015
3312
8503
7547
5002
8191
7633
9115
2457
389
668
4868
1459
8200
412
38
2831
8274
8909
2156
7295
9843
5793
6952
7551
4797
9428
6160
7422
1763
5237
8620
1989
5152
9370
2435
3432
2314
325
5129
9947
8420
5982
8342
4966
6292
105
8106
8547
429
5636
3977
7060
1189
7255
3216
653
1747
562
2986
3870
6520
8998
3929
8460
5670
6341
7332
3168
6120
3326
2684
7646
5812
6395
325
2941
50
7377
5309
3988
7255
7061
8154
9932
9537
2093
2467
9974
9979
4395
1801
6396
8773
9491
2000
5568
4971
4787
2230
3730
3017
1795
715
3624
3844
5303
615
5830
7278
9963
5740
5152
1563
6022
4602
4320
9957
8642
8459
6145
2001
5803
6840
9535
1968
7386
7318
5976
9620
3413
9657
4488
2055
9391
2734
2891
2859
1738
2826
3763
5818
2010
8425
7906
1606
3760
2627
3358
920
7150
1190
397
8996
1631
8159
2762
8822
2907
5510
7972
1862
2501
3561
8690
6363
4877
8828
1695
5961
2598
3459
665
7766
6200
2975
6071
5909
8583
4321
6665
339
1176
8273
9521
2199
6527
4145
9723
9565
3037
9944
1259
7294
7792
9516
3591
4793
6261
76
5918
2711
6070
3207
2159
7150
7114
1358
9768
7516
9719
6367
883
1997
9047
8332
813
1630
1110
5111
482
405
7679
7017
430
1816
9047
3966
2278
8248
2303
615
7257
6471
947
2867
1268
8416
8722
4915
4232
4941
3400
7797
2323
4991
8719
2742
1509
4109
8012
7455
134
9679
3413
6571
5613
7192
2417
4643
4236
8421
8753
7711
785
6051
4046
1560
5607
5739
6639
5023
8035
1938
2725
5397
7105
8189
5217
5606
7805
5276
9199
1324
5997
7772
742
9326
6402
2804
9695
1483
7547
6154
172
7106
1660
8154
7381
8720
3497
8576
216
451
5054
2596
7109
4153
4670
3853
1245
9812
1182
4728
2649
8511
6123
8384
7016
8521
8132
3768
5515
6127
9379
2819
9316
2286
5563
206
9361
5257
8078
2843
3037
7886
1008
3793
7305
7243
2726
5388
9422
8734
8206
4283
8547
4991
5788
3382
6934
8961
7587
9982
5274
4682
9141
3718
7482
2404
8006
1017
8205
9670
401
2709
8696
7123
5486
2899
1374
768
2183
2381
7047
5035
7481
9543
9429
539
3531
2840
730
2398
2713
1740
8455
5550
470
6531
1819
8685
1078
5185
3010
9668
3065
4523
913
3552
2056
8486
6656
1772
3577
7430
9636
7093
9214
686
2648
5422
3140
6976
8952
8640
4807
1540
8640
7382
7780
2478
3400
6558
4426
2016
9849
5975
2891
6463
6908
2733
3373
6826
5028
5013
7271
9324
96
5353
7288
6266
1011
7210
4684
6962
907
5645
5711
566
6999
2741
4843
2301
8006
6154
8541
2406
5984
9224
5847
2717
4700
3889
2561
8123
7029
9493
7816
9363
6305
1754
2776
1991
698
4323
1631
4670
6501
779
8619
4712
2885
1498
7111
8947
3
585
8010
5874
9193
542
3534
3415
3095
1604
9468
719
3304
1130
4638
9767
853
9095
6959
8241
3633
9271
1410
5539
7737
4941
6682
4384
4468
8821
4021
3458
549
2191
7760
9596
3100
7861
9365
6033
8895
994
9180
4893
4253
3265
8874
4482
8447
8068
3235
1812
1500
332
2359
6494
350
6743
9910
4603
5484
8167
6845
5200
1094
8174
3274
4004
841
2779
7641
3005
6504
3484
6984
8169
5407
6783
8437
6448
4938
4478
7130
4825
6216
1690
1379
9863
9352
3148
6583
8081
5498
3835
7281
2693
7088
4786
6524
4021
9946
2186
5312
4981
1143
9831
320
9730
8775
8210
866
8291
2154
1008
1884
8828
9399
6429
3529
966
1135
3694
9307
4418
5725
9400
1776
3034
2109
599
5495
4900
3999
1919
9756
2039
5037
1310
8751
991
2358
5072
9180
7748
3811
7103
3981
6330
4081
9138
1522
1206
7605
9846
5051
9410
2878
8767
1348
4872
6785
8209
6479
8793
3929
338
1215
2730
3343
9063
6181
8951
5349
5445
4314
9753
8959
3011
2691
8896
1107
7185
7125
5907
3865
7119
1258
2035
2164
832
9546
1616
532
2130
895
4446
879
6189
2160
3890
7341
8162
88
5113
8320
4178
5096
1185
1638
1529
5372
2321
3519
3204
8736
5672
5695
7993
1220
8345
4039
6907
2581
1126
9937
7204
5845
2057
3225
5563
8904
4676
14
9555
3707
652
9976
9204
6885
1892
6856
2419
1756
8018
929
6646
9915
7249
4213
62
1470
4974
6174
6288
4173
2069
1592
6248
1027
5246
1174
2850
2190
6863
6896
8871
542
4540
9007
6084
1247
5129
6385
6516
4820
1703
3940
1058
353
915
2470
2305
4310
8557
8853
9365
4236
9320
3616
4760
5184
2656
4264
7468
4967
1094
961
5970
9390
3182
696
9117
4019
5093
4061
9879
244
156
8595
5042
3561
540
2812
4941
3030
98
1310
8203
3265
340
866
249
3473
6303
7536
3662
693
1224
5885
4763
117
2069
7179
1889
1959
3885
6334
9047
6086
1046
3593
3187
3558
8269
5133
723
6099
6166
7241
7041
6220
4041
9496
6210
4759
7005
2519
6352
2811
6466
7502
6985
4064
9878
5620
9965
8483
7987
2345
2885
1891
9520
726
6399
7755
483
8137
5752
3530
1144
6307
930
3278
522
6241
6435
6354
378
4044
5897
9040
4912
4374
8896
8289
3478
8735
8183
4381
2703
6398
8317
4167
9134
8000
4266
8683
156
6711
9512
7598
2340
937
7434
5686
9872
2626
1749
4476
9513
6923
5634
9751
2650
5619
8559
8474
3067
4633
7388
8921
2654
5673
449
7600
9615
6100
1317
7930
6979
3957
1469
9596
5581
8570
6721
8160
6823
5911
4440
4869
1177
9098
5580
695
9205
8101
6218
5254
7916
8162
5405
4664
2604
4747
1536
7690
6837
9501
7971
4237
9178
3369
1946
7882
303
5167
3447
3341
3848
1380
6686
5258
4253
9299
8059
9035
8644
3288
1597
1542
2642
5741
4251
1726
166
8276
7266
2465
9186
2997
4971
8738
1390
3272
8636
5995
6347
1911
9346
5016
3136
5032
2487
1715
5572
4007
4257
4668
2362
9453
1308
242
2938
6851
5311
1080
697
3356
8676
2822
5275
962
645
8926
3129
3191
2250
144
5751
3832
2910
2124
8599
8147
9961
9826
2172
7959
1067
2687
1920
5995
6418
3089
1124
1196
170
5333
5665
3357
9255
2245
1014
7000
9743
5961
5409
9132
4931
8381
7226
2584
3901
8892
5304
2271
6198
6806
2404
4016
4234
4152
4314
6813
8213
7466
3876
3774
6681
2
9398
2022
7085
5675
9629
3299
2691
6160
1173
3976
1293
4312
6141
4393
6212
1150
2156
9028
3683
6264
2791
1561
7196
7143
5276
4026
3559
2150
9200
3400
5391
4787
3602
1980
7294
4059
6531
8999
5790
2241
8424
4787
1553
9792
5526
4010
8505
5018
7879
3506
2303
5258
5739
7981
3747
5788
2961
910
3463
6067
2067
5762
182
3149
7349
8893
3044
1548
2990
8580
9926
1193
231
756
3943
7386
7527
3894
6502
8081
4887
7673
8286
1631
9745
9853
381
5010
1991
181
1537
2295
9720
3214
4101
8213
579
9366
7007
9316
3022
2053
6500
329
5426
6151
4793
5324
8742
4810
6524
5928
2316
7302
6587
3951
9438
8137
7747
829
406
9193
6770
8149
4069
5245
2162
8031
153
7293
7231
7265
6903
8120
7879
2199
4396
719
1902
2923
5169
3531
6366
2025
6070
2255
9819
4706
2250
3889
5333
7480
4367
6095
3351
747
4049
6352
823
4649
3485
3281
7933
603
4411
7828
2644
8746
9193
7879
2729
9785
7018
7794
5451
1727
8173
4528
3814
2811
5892
8710
3089
1595
6485
5328
4949
8517
8514
8214
3875
3288
1452
6662
3465
4687
2873
1110
1838
5581
910
6111
910
6979
6225
3624
2939
1054
2695
4510
1239
6488
1378
9485
6607
7818
4261
4082
9292
7233
6169
6647
9258
9323
9439
1169
6304
9050
4636
9174
1901
7117
6274
5306
3814
9529
4296
5565
5840
2621
8121
9484
9624
4019
2549
3611
8549
9667
7418
7682
2554
6793
7207
9151
9027
4071
5266
2411
9057
1268
1699
2492
3855
4897
2014
1829
2157
1949
8647
2341
3671
8739
2892
9136
2087
6154
192
306
5578
3191
1784
5319
336
1885
6379
4314
6242
990
167
5253
648
5320
4746
1005
9038
4870
5378
6361
2599
4706
1442
6177
4538
2177
3032
3492
3522
8117
5562
6839
8134
908
8571
2893
9060
9596
4366
8236
2886
2600
2282
3355
790
9121
3394
1237
8849
4395
9833
3347
4786
5095
530
2537
367
2680
9387
2574
5457
3795
3130
4364
814
3510
3714
3118
6000
6530
1035
7781
8376
3961
411
4403
5096
9869
3874
7444
1592
8238
1074
3032
7381
2688
1289
2240
2072
3747
9833
449
279
3486
7301
8843
2627
9564
1875
9565
7480
2338
2141
5429
8735
4707
333
6630
7956
394
6361
3277
5350
24
3111
4928
7660
6475
1770
8603
6146
5919
4886
940
1810
7270
1262
9892
6495
8517
6447
1497
9074
9717
6972
3828
7643
4182
7562
6011
7148
4800
7419
7125
7770
4337
9414
7328
9734
9652
1332
7578
3922
9961
3853
5035
9089
6321
7060
4197
3322
3178
5660
488
4930
8105
7733
7948
1801
6857
2614
52
9519
8818
4243
3737
4253
5390
6022
5775
3624
5487
2125
5646
5530
7930
9288
172
23
4395
784
8427
4220
510
9547
2915
7345
7148
7878
8162
4181
9119
4995
4303
5927
1568
5365
6354
1663
7087
291
5889
4192
1460
866
2466
7081
1795
910
2561
5498
2921
2657
1150
5333
7038
3317
6001
4074
719
2996
8920
958
3649
1343
4468
2039
3147
5483
1068
4547
2406
963
6586
7636
7413
4667
7292
2204
6621
8737
44
9130
5110
6622
5969
924
2479
1515
9190
8612
5903
3497
8035
6701
7992
5425
3130
6818
4906
444
4279
5218
6230
3511
3064
5255
9009
9237
4250
7292
389
9683
9033
9383
5357
3104
4827
5903
4431
1774
3130
5182
444
1782
9064
1565
5723
2249
832
6518
4866
4720
9663
3320
2405
8893
3020
3113
4263
4504
2665
8541
5783
5041
5730
1495
3389
4937
9574
5624
5659
4770
6585
8854
1673
4664
3890
1087
6160
2010
7968
1303
6312
8328
6745
5689
6949
8941
8813
1315
6012
9608
2269
7123
7309
1785
6947
5550
9401
5094
5817
5449
1493
3227
8463
6433
7042
8095
395
5824
1104
815
4233
9158
7861
8984
4685
582
2999
5857
7130
719
8850
5960
7541
7965
5212
2700
1115
4517
9459
3251
6758
9299
4792
9959
1891
6890
1514
3584
9366
1705
7092
8107
9336
6501
1953
9541
3925
1626
5236
3733
7246
8902
2307
2980
9246
1629
4531
5051
7268
6121
5337
651
4431
7493
6183
7022
346
3224
6924
1136
7313
1728
6557
9572
9040
8916
9741
7220
6783
2329
7811
7240
6560
4028
8998
2950
4681
1857
9401
9474
7857
7227
5181
9138
9139
5833
8925
993
40
8422
5842
8018
2671
8805
2923
2845
9121
5554
1024
9152
8747
5661
2783
2766
7264
6277
5715
5417
52
9414
373
8229
4774
1482
6176
1052
1650
577
6417
1798
3252
5640
1631
2224
9356
7548
1684
1498
5261
6091
3379
5161
9178
1758
7515
3183
7172
189
213
7224
1467
3618
3483
5859
2429
9541
6339
4221
276
8596
796
8320
4139
9581
5250
1682
717
4421
4672
9960
5503
1760
9578
4684
6326
8059
2344
5157
6314
8745
7990
8881
3048
687
986
3633
5620
5929
4422
6725
1264
7349
7563
154
2194
7859
796
2785
4443
8070
5112
831
5440
4879
4600
1047
3540
2982
4780
3034
9935
5859
1221
2241
276
9568
8459
1906
9707
3825
552
2655
568
6487
4224
7018
7709
1388
9643
1586
9221
6856
4669
4056
5260
6688
4266
8297
4125
1417
5422
4811
3983
9308
3859
695
2780
9279
4864
560
3237
2694
2423
7983
7327
2324
7906
265
5837
2501
2370
6043
7043
8016
4275
1536
3710
745
6526
4282
4165
137
5176
6282
916
6177
3467
4032
8098
2064
859
9551
88
1665
5483
5091
5514
4725
9005
4030
8542
6062
9105
8347
8537
9819
5063
8603
6432
3550
857
2018
8039
4491
1467
8145
7937
4800
4089
3473
4945
8813
8434
1055
9521
3527
7018
743
2393
6987
4299
2304
8664
7865
4757
5835
7018
2672
3441
4934
2646
2224
6843
6749
1782
5606
5983
7329
5465
9024
3904
8043
7347
9302
5122
9147
761
7824
9234
9080
7559
5611
6304
393
1083
945
4376
257
6320
2090
3608
3614
9344
328
7444
1185
4695
6807
5740
8736
4232
9544
6792
3311
3955
6979
2587
4378
8310
5280
6344
1979
4644
3852
2001
5941
38
6950
7249
1677
9290
1989
5968
8799
7206
4516
5404
5462
1010
4106
8327
6890
6903
484
4582
3833
211
2081
6565
2192
217
1660
1950
5786
9404
2999
6565
9698
858
893
1125
2492
645
4964
2586
4676
5278
1462
4788
4644
5154
383
3194
2378
8776
9963
6450
2618
1700
2539
3091
4269
3404
2542
9766
8082
7968
8920
3336
9972
7291
9165
135
160
5632
8602
2750
6086
2249
4799
6087
2215
3303
8257
4749
298
6742
8795
3510
6655
1187
6288
7895
9319
5427
9667
5699
135
1301
1489
6766
7736
2432
9742
2937
8089
6379
7419
4430
3367
9399
2821
4731
6293
428
8282
3329
2538
1431
4073
8979
1989
5788
9492
9360
3423
1308
619
598
8227
9732
5238
5961
7108
6336
2578
4836
5628
5149
5013
6400
6576
2524
9094
1472
5099
3984
8801
2052
7304
5671
1237
9066
4994
5479
7043
5528
637
3793
7195
8402
1029
2246
7256
4354
1445
6523
4530
7851
6730
3315
7444
7918
4715
8786
2334
3738
45
8511
3681
6555
9016
3465
2488
3875
9195
1791
8532
662
4605
7551
5625
5756
3403
1496
7172
9450
8082
113
1580
3479
8809
3910
192
2740
4411
5818
2942
755
5372
3309
6222
7238
5498
501
1385
4630
9426
9413
9637
9415
1220
9693
5814
2416
6667
6271
9271
5279
9562
3399
9912
6239
6881
6346
9604
198
2884
6864
3820
2126
1147
8298
9706
5788
8244
9358
9751
4846
1876
2598
4335
1511
3277
2660
2545
4161
1976
7999
1698
1719
602
4149
2614
3515
2608
1119
9730
2615
3899
7267
3528
9054
8623
7223
9807
6972
2427
1127
6002
6845
527
4584
2674
7153
2074
9215
7977
9091
3278
4130
9619
208
8097
5199
4445
4307
7677
3058
7800
2635
9273
7762
1414
9923
8785
2122
6792
3612
9573
4221
5900
6122
6450
7243
1581
2401
385
2934
2649
1295
5643
1973
748
5156
7199
4007
5437
7371
3197
3890
1271
2961
286
3329
102
1864
1529
9703
3335
3299
3098
6784
7842
8572
83
5303
9676
5882
5921
1428
6256
5303
5921
4809
6247
8974
8236
9493
3921
2934
6221
4624
6907
1395
5672
2290
6481
2308
9228
3703
638
8537
7853
8682
4659
5495
952
4992
2319
4532
6555
1099
4583
9723
4226
4322
4600
2621
3637
7746
2569
9640
4677
1523
389
7666
8657
6912
6575
8454
2950
2748
6359
7959
9247
138
8991
855
5394
9342
3712
4563
8450
7105
7643
9107
4446
3872
674
5068
6032
9749
3886
6856
8062
806
6560
8384
5706
9602
6825
822
5622
1560
4373
4738
37
4284
1263
4399
8682
6008
2429
8530
8650
2209
3765
7390
2029
1099
556
2714
5844
1480
5848
8968
6931
5528
8366
7668
2932
599
6114
6250
3187
4672
6917
2650
202
3753
4023
5174
8041
4409
6577
2093
6746
377
5378
1101
4408
5847
138
7686
180
1876
786
5170
2631
9996
2251
9841
5692
9840
9182
7277
9118
8845
4451
8224
8110
3906
4747
2392
2764
1054
6146
560
609
7806
90
3959
6035
9992
5634
941
532
9162
1788
1096
9720
6838
4115
4844
5053
2290
3952
9899
1383
3224
9617
1456
9578
3840
4001
6776
9000
5575
281
1500
8058
1202
4942
8416
1250
4332
1379
1245
5099
2039
3589
8210
8736
8556
6318
1643
5881
6463
2877
8938
4516
2629
3207
1260
701
3167
4725
8821
8753
3745
3867
8887
8648
3322
5480
8757
5803
6721
2788
1674
9136
2174
6921
3822
7146
622
9991
4775
1529
8403
3574
3905
7485
7125
3890
7587
3028
8245
891
1356
9986
7705
6317
7494
3917
9491
1709
6227
8007
4955
1006
3748
3116
2935
9049
6165
4803
1499
6332
2382
2032
3824
8955
4967
1022
3969
9597
7824
1193
870
576
1556
3684
427
8968
1397
1811
4265
9342
6903
9273
1994
1222
6384
2993
566
1969
4282
1147
4851
6205
1525
8449
5612
8651
3974
1868
3621
579
5199
9707
1691
5195
673
2676
6120
3173
6071
3929
3532
6659
6530
7319
8441
2776
8071
2394
8218
6276
1785
9655
7441
9361
3679
2133
9486
2207
1806
1691
2916
3534
2163
26
3665
3859
4096
6493
9802
5973
1078
2988
2235
6368
4091
2730
3866
4935
1067
7868
5325
124
5712
3006
384
2224
1477
8324
1659
4386
6412
1516
7049
1068
8031
946
2667
4885
294
4821
9757
4601
2772
8667
8962
5795
1923
9661
9322
4336
4447
3031
7512
3852
5343
7558
1644
2556
3207
2939
2569
8683
1690
2077
6442
3512
4217
7231
5257
3991
3326
9415
2184
503
9703
5780
3414
3924
3651
5371
798
6817
7405
5867
6842
4780
8974
4484
6045
9164
8677
9443
8369
7574
8741
2900
8570
4480
5072
9881
8986
3723
7922
5827
4188
5283
1738
4794
1143
6287
1554
7954
2118
4611
9720
4732
7284
3263
1744
4150
9503
1802
6428
1272
9181
7636
4236
2608
3516
8768
5431
5951
7035
6634
9895
7423
53
5097
9647
5630
2791
2348
1068
115
5117
5994
4569
6771
4917
7723
2586
8673
8914
6567
292
3608
7404
4833
7550
4053
7830
1243
6450
6731
131
4812
961
3603
7628
9799
6949
3744
1167
7891
1936
839
186
2781
1971
4041
1796
3596
9977
4791
2361
6730
896
503
9851
7524
6467
2164
9551
9373
3607
4277
4901
7328
1644
6483
4167
4754
2302
1767
1222
796
2124
9430
9711
2578
927
4250
51
5761
3694
8685
5666
7298
6290
4744
221
2020
1248
7736
708
7834
7317
8275
9380
5773
6348
6540
6582
6348
2705
8192
9390
717
6641
5517
8824
7116
5094
4853
9645
3278
5345
4222
6061
8961
2860
8271
935
468
2168
6797
2710
4544
8877
4424
8081
9978
6617
790
8855
1404
390
7855
3701
7649
4618
4339
3210
848
3889
9402
8314
1118
7557
1991
4693
9449
2246
890
7700
463
9243
6349
6048
4578
4992
52
4972
5385
342
988
7112
9862
6076
1005
2944
5628
6416
8987
3854
3616
1407
7163
3866
2895
9895
4980
8480
6471
9929
6001
2025
6926
5458
9687
4413
964
3675
3993
1481
6418
7600
516
5052
1951
8571
4531
756
9916
4909
8814
8374
5821
4073
821
8324
8939
4453
1788
3481
7610
4619
6345
8705
7183
3902
5320
6099
2911
2341
7758
9216
1536
5564
4997
3394
682
8173
5301
8068
6460
7611
6522
8232
7349
6370
3515
4114
9670
90
4051
8278
4089
4427
6690
1146
9298
2202
6786
9131
3647
9610
1676
4370
3769
7797
2833
4116
7970
4326
423
7678
9839
4126
2595
2628
7810
2529
6664
4608
3451
4635
6126
2231
7583
5965
9749
7565
7193
9040
8235
2980
3679
7155
3726
5236
2206
4584
3762
6520
8144
2784
8821
1540
2295
1676
2674
9824
2134
2732
5148
1538
5430
7050
1776
4582
1821
4096
9089
9663
3609
8470
3837
2704
5356
562
7378
1
6347
2118
2198
5913
6448
1046
6215
7096
301
9166
7219
3195
1659
1181
1286
3711
6805
7246
89
2956
8143
697
2497
7440
6521
7404
517
2725
1216
5647
9755
5614
349
5446
7150
4847
4730
4757
7239
9790
9076
2052
683
5692
5008
8882
4290
6896
2482
1787
2430
626
9282
4041
1486
7315
7551
4538
8440
9830
1565
4353
1557
3384
7815
1329
7769
6650
3742
8518
1887
7418
2407
4686
9581
5711
416
7167
3239
7901
1049
6254
752
2505
6179
5045
1617
288
7541
9794
57
4362
2122
3200
7829
4121
4955
649
8936
6242
9879
2129
1885
6506
832
3623
3100
1787
5110
6634
9861
949
4793
7524
1412
887
212
8011
5894
5232
3021
940
9550
8433
258
5712
8416
3
4089
8292
8572
7120
4114
9208
2552
4145
1554
5411
6918
9198
5304
4135
5205
60
9190
3241
1441
9737
4768
7425
8691
5366
8766
3272
7
9763
4130
902
7380
1104
3073
7659
8267
3132
5225
7207
7535
7359
6838
5463
9186
4142
8226
6363
503
9925
1295
7495
9909
2538
5036
3375
9612
5921
1291
5174
5031
5706
5399
2373
8111
8069
2781
2519
7286
9401
5164
6277
4227
6851
1646
5561
9694
9474
3543
8951
1856
6081
2471
6086
1891
3113
8950
3496
6678
5003
7728
5738
4
3100
506
7632
9426
2733
6661
7116
7525
777
8296
6794
4788
5314
8642
90
6875
3054
6312
8522
7107
8018
4170
5871
859
2208
6174
4626
586
9267
3190
3751
3090
9247
6443
4157
8752
6409
3448
1583
350
4740
9188
5344
2645
3711
9155
8172
153
3620
2033
2242
7342
7274
5162
9713
328
1259
4907
1174
1527
8844
68
7010
8851
4189
1388
7605
173
8410
4656
5913
9545
8170
2661
2899
3427
260
1322
6540
5097
2680
9795
7101
1043
2205
350
2762
5997
5252
5203
3107
485
4073
4380
8765
7174
839
482
6242
5383
7453
6135
8867
2619
1720
9225
3517
65
8870
1582
3174
9886
6385
3446
9735
1230
531
6826
8350
523
7216
2500
7771
8679
4503
6906
9761
667
4433
4758
2580
4495
9397
2908
9947
2821
8480
1423
2939
6439
3374
2847
7756
233
3880
650
9855
626
6668
8849
5808
8411
5486
2724
3610
7248
2472
1892
6092
2056
4589
3873
4482
9740
3931
504
303
1044
586
2865
1297
4750
7243
1067
5048
6615
3101
3206
8521
6121
5048
5891
5200
5072
8786
5981
8131
6675
5903
2760
4921
1565
4133
2583
8187
9925
8106
3328
88
9543
4327
4042
8423
8690
5954
4726
6862
4703
2842
4794
4123
9713
7126
8163
8840
5303
6261
4019
3957
8880
4011
4095
6702
7255
9937
3405
117
9531
8080
2197
1476
2411
9073
7854
4705
5890
5160
5436
4619
4087
2874
2120
4525
9061
996
1043
9773
541
7804
3102
5510
5414
9877
537
94
3840
5381
6199
9114
7327
2413
8536
342
2038
8083
8957
4303
4713
3130
8750
527
928
2145
2840
334
6614
261
1886
6620
2663
1912
8254
5982
7448
4670
3715
5023
8486
5249
3860
1295
4905
7210
8291
7153
675
3328
9912
64
6445
7617
1505
7352
3676
1513
4966
3878
7436
2851
7062
67
8703
132
7632
3601
1338
5794
4103
3716
1677
3553
9040
9579
6920
4364
206
1179
2646
9560
8954
5086
8897
2161
245
223
3962
7568
2619
1765
3490
8042
5005
7937
9800
5044
9765
8230
8374
7236
7404
5424
185
4390
6623
3774
7006
9752
2068
6733
219
1266
3327
6704
9843
6497
4933
1258
525
6906
5087
8235
1800
6486
9054
5562
8391
7312
9912
8786
4478
5495
6541
8432
6333
9616
9988
1983
7422
980
1080
2606
1462
5790
2508
4607
133
4387
6984
8522
197
2546
1970
4861
9075
3409
2303
1735
2424
9960
9248
9849
4041
4958
3696
1037
2743
6732
5505
9215
1029
8292
8828
9151
4579
8845
9630
1375
8141
6113
1546
3135
8665
4615
8556
8274
3273
4667
3115
3925
6964
5692
8326
1128
7243
4295
6269
7374
8596
7278
5878
9352
2470
7185
7536
5057
1782
8106
1109
4871
8245
3268
1956
6873
7260
2142
3882
2071
5679
8231
104
2935
6469
33
7284
3030
504
7782
4348
4523
590
770
808
6179
5712
1375
2015
4978
4319
2828
7257
5735
7990
5323
5075
7240
8522
8313
8725
6713
2216
643
4989
1355
4050
5965
6341
4671
582
8166
4551
1269
2413
4234
9134
7578
746
7172
8019
5895
6599
5459
2367
6252
7095
2341
484
4181
1284
2220
4576
1662
6601
1800
2034
8887
8575
9869
4104
3953
9634
7659
4879
9939
4909
9296
2611
8133
8398
9188
1385
1059
5269
9404
6698
2523
9583
3437
610
1712
6124
1332
1687
4639
8718
9309
3013
7611
5924
4502
5621
7589
1924
2860
8162
2919
4383
8845
6830
8804
5354
8660
4035
3064
4175
424
3837
648
2245
5301
9060
1017
1523
3507
5704
2486
8874
1633
6114
9450
6746
6417
5416
7494
8517
2409
8706
7172
9108
7821
2297
2577
6840
6169
467
1517
6379
9156
9378
8005
8572
9813
1218
9294
172
5960
5877
4439
958
9269
176
2918
7496